	Acestrorhynchus.pantaneiro	Ancistrus.brevipinnis	Ancistrus.taunayi	Apareiodon.affinis	Aphyocharax.anisitsi	Apistogramma.commbrae	Astyanax.aff..fasciatus	Astyanax.aramburui	Astyanax.dissensus	Astyanax.eigenmanniorum	Astyanax.fasciatus	Astyanax.henseli	Astyanax.lacustris	Astyanax.laticeps	Astyanax.paris	Astyanax.procerus	Astyanax.saguazu	Astyanax.sp..1	Astyanax.sp.2	Astyanax.stenohalinus	Astyanax.xiru	Australoheros.acaroides	Australoheros.facetus	Australoheros.minuano	Australoheros.scitulus	Australoheros.sp.	Brachyhypopomus.bombilla	Bryconamericus.iheringii	Bryconamericus.sp.	Bryconamericus.ytu	Bunocephalus.doriae	Callichthys.callichthys	Characidium.aff..zebra	Characidium.occidentale	Characidium.orientale	Characidium.pterostictum	Characidium.rachovii	Characidium.tenue	Charax.stenopterus	Cheirodon.ibicuhiensis	Cheirodon.interruptus	Cichlasoma.dimerus	Cnesterodon.decemmaculatus	Corydoras.longipinnis	Corydoras.paleatus	Corydoras.sp.	Corydoras.undulatus	Crenicichla.cf..scottii	Crenicichla.lepidota	Crenicichla.punctata	Crenicichla.scottii	Cyphocharax.saladensis	Cyphocharax.spilotus	Cyphocharax.voga	Diapoma.alburnum	Diapoma.alegretensis	Diapoma.speculiferum	Diapoma.terofali	Diapoma.thauma	Diapoma.uruguayensis	Eigenmannia.trilineata	Gymnogeophagus.gymnogenys	Gymnogeophagus.labiatus	Gymnogeophagus.mekinos	Gymnogeophagus.meridionalis	Gymnogeophagus.pseudolabiatus	Gymnogeophagus.rhabdotus	Gymnogeophagus.sp..n.	Gymnogeophagus.terrapurpura	Gymnotus.carapo	Gymnotus.cuia	Hemiancistrus.chlorostictus	Hemiancistrus.fuliginosus	Hemiancistrus.punctulatus	Heptapterus.exilis	Heptapterus.mustelinus	Heptapterus.sympterygium	Heterocheirodon.yatai	Hisonotus.armatus	Hisonotus.charrua	Hisonotus.laevior	Hisonotus.notopagos	Hisonotus.ringueleti	Homodiaetus.anisitsi	Hoplias.aff..malabaricus	Hoplias.lacerdae	Hyphessobrycon.anisitsi	Hyphessobrycon.luetkenii	Hyphessobrycon.meridionalis	Hyphessobrycon.togoi	Hypobrycon.sp.	Hypostomus.aspilogaster	Hypostomus.commersonii	Hypostomus.uruguayensis	Imparfinis.mishky	Ituglanis.australis	Ituglanis.inusitatus	Laetacara.dorsigera	Loricariichthys.melanocheilus	Macropsobrycon.uruguayanae	Microglanis.cottoides	Microglanis.malabarbai	Mimagoniates.inequalis	Moenkhausia.bonita	Moenkhausia.dichroura	Odontostilbe.pequira	Oligosarcus.jacuiensis	Oligosarcus.jenynsii	Oligosarcus.oligolepis	Oligosarcus.robustus	Oligosarcus.sp.	Otocinclus.arnoldi	Otocinclus.flexilis	Phalloceros.caudimaculatus	Pimelodella.australis	Pseudobunocephalus.iheringii	Pseudocorynopoma.doriae	Pseudohemiodon.laticeps	Rhamdella.eriarcha	Rhamdella.longiuscula	Rhamdia.sp1	Rhamdia.sp2	Rineloricaria.anitae	Rineloricaria.cadeae	Rineloricaria.longicauda	Rineloricaria.microlepidogaster	Rineloricaria.sanga	Rineloricaria.stellata	Rineloricaria.strigilata	Rineloricaria.zaina	Scleronema.cf..minutum	Scleronema.minutum	Scleronema.operculatum	Scleronema.sp..4	Scleronema.sp..5	Scleronema.sp.3	Serrapinnus.calliurus	Steindachnerina.biornata	Steindachnerina.brevipinna	Synbranchus.marmoratus
BAG1501	0	0	3	0	0	0	3	0	0	1	0	0	0	0	0	0	0	0	0	0	0	0	0	5	0	0	0	217	0	0	0	0	0	3	0	89	0	0	0	0	0	0	0	0	0	0	0	0	0	0	8	0	0	0	0	0	0	0	0	116	0	0	0	7	0	0	7	0	0	0	0	0	0	0	0	65	0	0	0	0	0	0	0	0	1	0	0	29	0	0	0	0	0	0	0	0	0	0	0	0	0	0	0	0	0	0	0	0	0	0	0	0	0	1	0	0	0	0	2	0	2	0	0	0	0	0	0	12	0	0	0	35	0	0	0	0	0	1	0	1
BAG1502	0	0	0	0	0	0	2	0	5	1	0	0	6	0	0	0	0	0	0	0	0	0	0	0	0	0	0	8	0	0	0	0	5	0	0	10	0	0	0	0	0	0	0	0	17	0	0	0	4	0	2	0	0	3	0	0	0	1	0	18	0	0	0	7	0	0	3	0	0	0	0	0	0	0	0	6	0	0	0	8	0	0	0	0	1	0	0	1	0	0	0	0	1	0	0	0	0	0	0	0	0	3	0	0	0	0	0	0	0	0	0	0	0	0	36	0	1	0	0	0	1	0	0	0	0	0	0	4	0	0	0	4	0	0	0	0	0	4	0	0
BAG1503	0	0	6	0	0	0	0	0	0	17	0	0	0	0	0	0	0	0	0	0	0	0	0	0	0	0	0	19	0	0	3	0	2	0	0	6	0	0	0	0	1	0	0	0	78	0	0	0	0	0	0	0	0	1	0	0	0	0	0	20	0	0	0	5	0	0	0	0	0	0	0	0	0	0	0	9	0	0	0	82	0	0	0	0	0	0	0	7	0	0	0	0	0	0	0	0	0	0	0	0	0	28	0	0	0	0	0	0	0	0	0	27	0	0	66	0	5	0	0	0	0	0	0	0	0	0	0	26	0	0	0	60	0	0	2	0	0	0	0	0
CAR1301	0	1	0	0	0	0	0	0	0	9	0	52	0	12	0	0	0	0	0	0	0	27	0	0	0	0	0	176	0	0	0	0	0	0	9	8	0	0	0	0	269	0	0	0	0	0	0	0	0	0	0	0	0	0	0	0	0	0	0	0	0	34	0	0	0	0	0	0	0	0	0	0	0	0	0	13	0	0	0	0	0	0	0	0	0	0	0	5	0	0	0	0	0	0	0	0	0	0	0	0	0	0	0	0	0	0	0	0	0	0	0	0	0	0	0	0	4	0	0	0	0	0	0	17	0	20	0	0	0	0	36	0	0	0	8	0	0	0	0	3
CAR1302	0	0	0	0	0	0	0	0	0	1	0	2	0	5	0	1	0	0	0	0	0	0	0	0	0	0	0	35	0	0	0	0	0	0	4	1	0	0	0	0	27	0	0	0	14	0	0	0	0	0	0	0	0	0	0	0	0	0	0	0	0	2	0	0	0	0	0	0	0	0	2	0	0	0	0	42	0	0	0	0	3	0	0	0	1	0	0	12	0	0	0	0	3	0	0	0	0	0	0	0	9	0	0	0	0	0	0	2	0	0	0	0	0	1	0	0	22	0	0	0	0	0	0	14	0	0	0	0	3	0	0	0	0	0	4	0	0	0	0	2
CAR1303	0	5	0	0	0	0	0	0	0	32	0	57	0	15	0	0	0	0	0	0	0	0	0	0	0	0	0	134	0	0	0	0	0	0	0	2	0	0	0	0	0	0	0	0	0	0	0	0	0	0	0	0	0	0	0	0	0	0	0	0	0	0	1	0	0	0	0	0	0	0	0	0	0	2	0	55	0	0	4	0	0	0	0	0	0	0	0	0	0	0	0	2	0	0	0	0	0	0	0	0	0	0	0	0	0	0	0	0	0	0	0	0	0	0	0	0	0	0	11	0	17	0	0	8	0	9	0	0	0	0	130	0	0	0	0	0	0	0	0	0
CCA1301	0	0	2	0	0	0	0	0	2	0	0	0	36	2	0	0	0	0	0	0	0	0	0	0	0	0	0	93	0	2	0	0	0	0	0	2	0	0	0	0	0	0	0	0	0	0	0	0	0	0	0	0	0	0	0	37	0	0	0	0	0	0	0	0	0	0	0	0	0	0	0	0	0	0	0	31	0	0	0	0	0	0	0	0	0	0	0	0	0	0	0	0	0	0	0	0	0	0	0	0	0	0	0	0	0	0	0	0	0	0	0	0	0	0	0	0	0	0	0	0	0	0	0	0	0	0	0	0	0	0	0	0	0	0	0	0	0	0	0	0
CCA1302	0	0	4	0	0	0	0	0	1	1	1	0	0	0	0	0	0	0	0	0	0	0	0	0	0	0	0	4	0	0	5	0	0	1	0	26	0	0	0	0	0	0	0	0	0	0	0	0	2	0	0	0	0	0	0	17	0	0	0	0	0	0	0	0	0	0	0	0	0	0	0	0	0	0	0	34	0	0	0	22	0	0	0	0	0	0	0	4	0	0	0	0	0	0	1	0	1	0	0	0	4	0	4	0	0	2	0	0	1	0	0	0	0	0	0	0	0	0	0	0	0	0	0	0	0	0	0	28	0	0	0	0	2	1	0	0	0	0	0	2
CCA1303	0	0	0	0	0	0	0	0	0	0	0	0	1	0	0	0	0	0	0	0	0	0	0	0	0	0	0	1	0	0	7	0	0	0	0	16	0	0	0	0	0	0	0	0	0	0	0	0	3	0	0	0	0	0	0	0	0	0	0	0	4	0	0	0	0	0	0	0	0	0	0	0	0	0	0	14	0	0	0	4	0	0	0	0	0	0	0	0	0	0	0	0	0	0	0	0	5	0	0	0	0	0	0	0	0	0	0	0	0	0	0	0	0	5	1	0	0	1	0	0	0	0	0	0	0	0	0	7	0	0	0	0	1	0	0	0	0	0	0	0
CCE1301	0	0	2	0	0	1	0	0	0	0	0	41	8	0	0	0	0	0	0	0	0	0	0	0	3	0	0	14	0	0	0	0	0	9	0	43	0	0	2	1	0	0	0	1	1	0	0	0	1	0	0	0	0	0	0	0	0	0	0	29	0	0	0	0	8	0	0	0	0	0	0	0	0	0	0	50	0	3	0	0	0	0	0	0	1	0	0	1	0	0	0	0	0	0	4	0	0	0	0	0	0	0	0	0	0	0	0	0	0	0	1	0	0	3	26	0	17	0	0	0	0	2	0	0	0	0	0	5	0	0	0	0	0	0	0	0	0	0	0	0
CCE1302	0	0	0	0	0	0	0	0	8	0	0	71	2	0	0	0	0	0	0	0	0	0	0	0	0	0	1	12	0	0	0	0	4	4	0	1	0	0	2	0	33	0	0	0	1	0	0	0	16	0	0	0	0	0	0	0	0	0	0	1	0	0	0	0	2	0	0	0	0	0	0	0	0	0	0	36	0	0	0	1	0	0	0	0	0	0	0	6	3	0	0	0	0	0	0	0	0	0	0	0	5	0	0	0	0	0	0	0	0	0	0	0	0	31	28	1	52	0	0	0	0	2	0	0	0	0	0	5	0	0	0	0	0	0	0	0	0	0	0	10
CCE1303	0	0	18	0	0	0	0	0	0	12	0	33	8	0	0	0	0	0	0	0	0	0	0	0	0	0	0	11	1	0	0	1	0	1	0	28	0	1	0	0	0	0	0	0	0	0	0	0	2	0	0	0	0	0	0	0	0	0	0	5	0	0	0	0	0	0	0	0	0	0	0	0	0	0	0	40	0	0	0	0	0	0	0	0	0	0	0	1	0	0	0	0	0	0	0	0	0	0	0	0	0	0	0	0	0	0	0	0	0	0	0	0	0	6	5	0	2	0	0	0	0	0	0	0	0	0	0	1	0	0	0	0	0	0	0	0	0	0	0	0
CGR1401	0	0	1	0	0	0	0	0	0	0	0	10	44	4	0	0	0	0	0	0	0	0	0	1	0	0	0	0	0	0	0	0	0	11	0	0	0	0	0	0	0	0	0	0	0	0	0	0	7	0	8	0	0	0	0	116	0	1	0	0	0	0	0	58	0	0	6	0	0	0	0	0	0	0	0	35	0	0	0	0	0	0	0	0	0	0	0	0	0	0	0	0	0	0	0	0	0	0	0	0	0	0	0	0	0	0	0	6	0	0	0	0	0	2	0	0	61	0	0	0	0	0	0	0	0	0	0	28	0	0	0	32	0	0	0	0	0	4	0	1
CGR1402	0	0	0	0	0	0	0	0	0	0	0	8	1	0	0	0	0	0	0	0	0	0	0	0	0	0	0	141	0	0	0	0	0	6	0	5	0	0	1	0	1	0	0	0	0	0	0	0	4	0	0	0	0	0	0	114	0	4	0	0	0	0	0	12	0	0	6	0	0	0	0	0	0	0	0	53	0	0	0	0	0	0	0	0	0	0	0	0	0	0	0	0	0	0	0	0	0	0	0	0	0	0	0	0	0	0	0	0	0	0	0	0	0	0	0	0	1	0	0	0	0	0	0	0	0	0	0	19	0	0	0	22	0	0	0	0	0	0	0	0
CGR1403	0	0	6	0	0	0	0	0	0	0	0	0	2	1	0	0	0	0	0	0	0	0	0	0	0	0	0	168	0	0	0	0	0	0	0	1	0	0	0	0	0	0	0	0	0	0	0	0	2	0	10	0	0	0	0	30	0	1	0	0	0	0	0	22	2	0	1	0	0	0	0	0	0	0	0	40	0	0	0	0	0	0	0	0	0	0	0	0	0	0	0	0	0	0	0	0	0	0	0	0	0	0	0	0	0	0	0	0	0	0	0	0	0	0	1	0	4	0	0	0	0	0	0	0	0	0	0	10	0	0	0	2	0	0	0	0	0	0	0	0
CGR1901	0	0	0	0	0	0	0	1	0	0	0	1	80	0	11	0	0	0	0	28	1	0	1	0	0	0	0	87	0	0	0	0	26	0	0	0	0	1	0	2	18	0	0	0	0	0	0	5	8	0	0	0	4	76	2	0	0	14	6	7	0	0	0	96	0	0	20	0	0	0	0	0	0	0	0	10	0	12	0	0	0	0	0	0	0	0	0	0	0	0	0	0	0	0	0	0	0	0	0	0	0	0	0	0	0	0	0	1	3	0	0	0	0	0	37	0	3	0	0	0	0	0	0	0	0	0	0	0	0	0	0	0	0	0	0	0	0	1	0	0
CGR1902	0	0	0	0	0	0	0	10	0	0	0	0	28	0	0	0	0	0	0	83	0	0	0	0	0	0	0	8	0	0	0	0	2	0	0	0	0	2	3	0	29	0	0	10	0	0	0	0	1	0	0	0	11	2	0	0	0	2	9	0	0	0	0	0	0	0	0	0	0	0	0	0	0	0	0	0	0	53	0	0	0	0	0	0	0	0	0	0	0	0	0	0	0	0	0	0	0	0	0	13	1	0	0	0	0	0	0	0	0	0	0	2	6	0	3	15	40	0	0	0	0	0	1	0	0	0	0	1	0	2	0	0	0	0	0	0	0	5	0	0
CGR1903	0	0	0	0	0	0	0	0	2	0	0	0	17	0	31	0	0	0	0	13	0	0	20	0	0	0	0	1	0	0	0	0	15	11	0	0	0	0	2	0	9	0	12	0	0	0	0	0	3	0	0	0	6	7	0	0	0	3	0	0	0	0	0	0	0	0	13	0	2	0	0	0	0	0	0	0	0	0	0	0	0	0	0	0	1	1	0	12	45	0	0	0	0	0	0	0	0	0	0	0	0	0	0	0	0	0	0	1	0	0	0	0	0	0	1	0	6	0	0	0	0	0	0	0	0	0	0	0	0	0	0	0	0	0	0	0	0	5	0	0
CGR1904	0	0	0	0	0	0	0	0	2	0	0	2	72	0	0	0	1	0	0	53	0	0	0	0	0	0	0	175	0	0	0	0	67	0	0	0	0	14	0	0	5	0	0	3	0	0	0	15	4	0	0	0	2	5	0	1	0	9	3	0	0	0	0	1	0	0	3	0	0	0	0	0	0	0	0	16	0	2	0	0	0	0	0	0	1	1	0	0	0	0	0	1	0	0	0	0	0	0	1	0	0	0	0	1	0	0	0	0	1	0	0	0	0	0	55	0	11	0	0	0	4	0	18	0	0	0	0	28	0	0	0	0	0	0	0	0	0	0	0	0
CGU1401	0	1	0	0	0	0	0	0	0	21	0	0	0	8	0	0	0	0	0	0	0	0	0	0	0	0	0	49	0	0	0	0	0	0	0	26	0	0	0	0	0	0	0	0	0	0	0	0	0	0	0	0	0	0	0	0	0	0	0	0	0	0	0	0	0	0	0	0	0	0	0	0	0	0	0	22	0	0	0	0	0	3	0	0	0	0	0	0	0	0	0	0	0	0	0	0	0	0	0	0	0	0	0	0	0	0	0	3	0	0	0	0	0	1	0	0	0	0	4	0	1	0	0	0	0	26	0	0	0	0	0	0	0	0	0	0	0	0	0	0
CGU1402	0	0	7	0	0	0	0	0	0	0	0	0	6	67	0	0	0	0	0	0	0	0	0	0	0	0	0	0	0	0	0	0	0	0	0	29	0	0	0	0	3	0	0	0	0	0	0	0	0	0	0	0	0	0	0	0	0	0	0	0	0	0	0	0	0	0	0	0	0	0	0	0	0	0	0	56	0	0	0	0	0	12	0	0	0	0	0	0	0	0	0	0	0	0	0	0	0	0	0	0	0	0	0	0	0	0	0	0	0	0	0	0	0	12	0	0	0	0	0	0	2	0	0	0	0	0	0	0	0	0	0	0	0	0	0	0	0	0	0	3
CGU1403	0	1	0	0	0	0	0	0	0	7	0	0	0	6	0	0	0	0	0	0	1	0	0	0	0	0	0	55	0	0	0	0	0	0	0	0	0	0	0	0	0	0	0	0	0	0	0	0	0	0	0	0	0	0	0	0	0	0	0	0	0	0	0	0	0	0	0	0	0	0	0	0	0	0	0	87	0	0	0	0	0	0	0	0	0	0	0	4	0	0	0	0	0	0	0	0	0	0	0	0	0	0	0	0	0	0	1	0	0	0	0	0	0	1	0	0	0	0	0	0	0	0	0	0	0	29	0	0	0	0	0	0	0	0	0	0	0	0	0	0
CGU1404	0	0	0	0	0	0	0	0	0	0	0	2	0	0	0	0	0	0	0	0	1	0	0	0	0	0	0	34	0	0	0	0	0	0	0	36	0	0	0	0	0	0	0	0	0	0	0	0	0	0	0	0	0	0	0	0	0	0	0	0	0	0	0	0	0	0	0	0	0	0	0	0	0	0	0	32	0	0	0	0	0	5	0	0	0	0	0	0	0	0	0	0	0	0	0	0	0	0	0	0	0	0	0	0	0	0	0	0	0	0	0	0	0	0	5	0	0	0	1	0	1	0	0	3	0	7	0	0	0	0	0	0	0	0	0	0	0	0	0	1
CMC1401	0	7	0	0	0	0	0	0	1	6	0	1	0	3	0	0	0	0	0	7	0	0	0	0	0	0	0	43	0	0	0	0	0	0	0	14	0	0	0	0	8	0	0	0	0	0	0	0	1	1	0	0	0	0	0	0	0	0	0	0	0	0	0	0	0	0	0	0	0	0	0	0	0	0	0	70	0	0	0	0	0	0	0	0	0	0	0	33	0	0	0	0	0	0	0	0	0	0	0	0	0	0	9	0	0	0	0	0	0	0	0	0	0	6	0	0	17	0	0	0	2	0	0	32	0	1	0	0	0	0	0	25	0	0	2	0	0	0	0	7
CMC1402	0	3	0	0	0	0	0	0	2	8	0	0	0	2	0	0	0	0	0	0	0	1	0	0	0	0	0	119	0	0	0	0	0	0	5	13	0	0	0	0	26	0	0	0	1	0	0	0	0	9	0	0	0	0	0	0	0	0	0	0	0	5	0	0	0	0	1	0	0	0	0	0	0	0	0	84	0	0	0	0	1	0	0	0	0	0	0	11	0	0	0	0	15	0	0	0	0	0	0	0	2	0	1	0	0	0	0	2	0	0	0	0	0	32	1	0	10	0	0	0	1	0	0	22	0	0	0	0	0	0	0	45	0	0	14	0	0	1	0	5
CMC1403	0	0	0	0	0	0	0	0	0	0	0	0	0	0	0	0	0	0	0	0	0	0	0	0	0	0	0	8	0	0	0	0	0	0	9	9	0	0	0	0	22	0	0	0	2	0	0	0	4	0	0	0	0	0	0	0	0	0	0	0	0	0	0	0	0	0	0	0	0	0	0	0	0	0	0	111	0	0	0	0	2	0	0	0	2	0	0	232	0	0	0	0	7	0	0	0	0	0	0	0	0	0	93	0	0	0	0	1	0	0	0	0	0	221	6	0	2	0	0	0	0	0	0	136	0	0	0	0	0	0	0	124	0	0	4	0	0	0	0	19
CMM1401	0	0	0	0	0	0	0	0	0	24	0	12	27	7	0	0	0	0	0	0	0	1	0	0	0	0	0	68	0	0	0	0	0	0	0	0	0	0	0	0	94	0	0	0	0	0	0	0	0	0	0	0	2	1	0	0	3	0	0	0	0	0	0	0	0	0	2	0	0	0	0	0	0	0	0	22	0	0	0	0	1	0	0	0	0	0	0	9	0	0	0	0	0	0	0	0	0	0	0	0	3	0	0	0	0	0	0	1	0	0	0	0	0	50	24	0	31	0	0	0	0	0	0	11	0	0	0	0	0	0	0	0	0	0	0	0	0	0	0	1
CMM1402	0	0	0	0	2	0	0	0	0	2	0	76	139	20	0	0	0	0	0	0	0	4	0	0	0	0	0	221	0	0	0	0	4	0	0	0	0	13	0	0	1238	0	0	0	29	0	0	0	3	0	0	0	2	1	0	0	7	0	0	0	0	6	0	0	0	0	20	0	0	0	0	0	0	0	0	44	0	0	0	0	40	0	0	0	5	0	0	43	0	0	0	0	0	0	0	0	0	0	0	0	9	0	0	0	0	0	0	1	0	0	0	0	5	0	135	0	1330	0	0	0	0	0	0	87	0	0	0	0	0	0	0	0	0	0	0	0	0	0	0	1
CMM1403	0	0	0	0	0	0	0	0	0	0	0	17	0	1	0	0	0	0	0	0	0	0	0	0	0	0	0	114	0	0	0	0	0	0	0	0	0	0	0	0	31	0	0	0	0	0	0	0	0	0	0	0	0	0	0	0	0	0	0	0	0	1	0	0	0	0	0	0	0	0	0	0	0	0	0	86	0	0	0	0	1	0	0	0	0	0	0	0	0	0	0	0	0	0	0	0	0	0	0	0	0	0	0	0	0	0	0	1	0	0	0	0	0	525	13	0	48	0	0	0	0	0	0	1	0	0	0	0	0	0	0	0	0	0	0	0	0	0	0	3
CSR1301	0	0	15	0	0	0	3	0	0	0	0	5	3	0	0	0	0	0	0	0	0	0	0	0	7	0	1	15	0	0	2	0	34	5	0	21	0	32	0	0	0	0	1	1	0	0	0	0	8	0	2	0	2	0	0	44	0	4	0	0	1	0	0	1	0	0	0	1	0	0	0	19	0	0	0	170	0	0	0	0	0	0	0	0	0	0	0	5	0	0	0	0	0	0	0	0	0	0	0	0	0	0	0	0	0	0	0	2	0	0	0	0	0	0	0	0	11	0	0	0	0	1	0	0	0	0	0	46	0	0	0	0	0	0	0	0	0	6	0	5
CSR1302	0	0	78	0	0	0	0	0	0	0	0	4	0	0	0	1	0	0	0	0	1	0	0	0	3	0	0	4	0	0	0	0	0	0	0	11	0	0	0	0	0	0	0	0	0	0	0	0	0	0	18	0	0	0	0	53	0	0	0	0	0	0	0	3	0	0	0	8	0	0	0	6	0	0	0	399	0	0	0	1	0	0	0	0	0	0	0	0	0	0	0	0	0	0	0	0	0	0	0	0	1	0	0	0	0	0	0	0	0	0	0	0	0	0	0	0	0	0	0	10	0	0	0	0	0	0	2	8	0	0	0	0	0	0	0	0	0	0	0	2
CSR1303	0	0	2	0	0	0	0	0	0	8	0	4	0	2	0	0	0	0	0	0	0	0	0	0	3	0	0	29	0	0	0	0	1	0	0	0	0	0	0	0	60	0	1	0	0	0	0	0	7	0	10	0	0	0	0	88	0	0	0	0	0	0	0	3	0	0	0	26	0	0	0	0	0	0	0	148	0	1	0	0	0	0	0	0	0	0	2	0	6	5	0	0	0	0	0	0	0	0	0	0	0	0	0	0	0	0	0	0	0	0	0	0	0	0	1	0	1	0	0	5	0	8	0	0	0	0	0	5	0	0	0	0	0	0	0	0	0	0	0	2
CSR1904	0	0	19	1	0	0	0	21	0	0	0	0	28	0	0	0	0	0	0	0	0	0	0	0	0	0	1	10	0	0	0	0	17	0	0	0	69	23	2	0	16	0	4	0	0	0	0	0	20	0	3	0	1	1	0	0	0	1	0	0	0	0	0	0	0	0	0	0	0	0	0	0	0	0	0	63	0	1	0	0	0	0	0	0	0	1	0	0	4	0	0	3	0	0	0	0	0	0	0	0	0	0	0	6	0	0	0	0	0	0	0	0	0	0	0	0	0	0	0	1	0	0	0	0	0	0	0	4	0	0	0	0	0	0	0	0	0	0	3	2
CSR1905	1	0	2	0	0	0	0	6	0	0	0	0	4	0	0	0	10	0	0	0	0	0	0	8	1	0	0	5	0	0	0	0	0	0	0	0	19	2	0	0	0	0	0	1	0	0	0	0	20	0	0	0	11	0	0	0	0	0	0	0	0	0	0	0	0	0	0	7	0	0	0	0	0	0	0	2	0	0	0	0	0	0	0	0	2	0	1	0	2	0	0	1	0	0	0	0	0	0	0	0	0	0	0	0	0	0	0	2	1	0	0	0	0	0	0	0	0	0	0	0	0	0	0	0	0	0	0	2	0	0	0	0	0	0	0	0	0	4	0	0
CSR1906	0	0	9	0	3	0	0	9	0	4	0	0	203	0	0	0	0	0	0	0	0	0	0	3	0	0	0	12	0	0	0	0	0	0	0	0	5	26	0	0	0	5	1	1	0	0	0	0	35	0	0	0	0	0	0	0	0	0	0	0	0	0	0	4	0	0	0	1	0	0	0	0	0	0	0	34	0	0	0	0	0	0	0	0	1	1	0	0	0	0	0	5	0	0	0	0	0	1	0	0	0	0	0	0	0	0	0	0	0	0	0	0	0	0	0	0	0	0	0	0	0	0	0	0	0	0	0	0	0	0	0	0	0	0	0	0	0	0	0	7
CSR1907	0	0	1	0	0	0	0	0	0	0	0	0	50	0	0	0	210	0	0	0	0	0	0	25	0	0	0	103	0	0	0	0	0	26	0	0	88	14	5	0	124	0	10	2	0	0	0	0	25	0	0	0	30	8	0	0	0	7	0	0	0	0	0	8	0	0	0	13	0	0	0	0	0	0	0	34	0	1	0	0	0	0	5	0	2	3	60	0	37	0	0	2	0	0	0	0	0	0	0	0	0	0	0	0	0	0	0	6	0	0	0	0	0	0	0	0	22	0	0	8	0	1	0	0	0	0	0	0	0	0	0	0	0	0	0	0	0	10	0	3
JAG1401	0	0	0	0	0	0	0	0	0	5	0	0	0	2	0	0	0	0	0	0	0	0	0	0	0	0	0	44	0	0	0	0	0	0	0	23	0	0	0	0	1	0	0	0	2	0	0	0	1	1	0	0	0	0	0	0	0	0	0	0	0	0	0	0	0	0	0	0	0	0	0	0	0	0	0	60	0	0	0	0	3	0	0	0	0	0	0	535	0	0	0	0	0	0	0	0	0	0	0	0	4	0	0	0	0	0	0	0	0	0	0	0	0	8	3	0	8	0	0	0	0	0	0	4	0	0	0	0	1	0	0	11	0	0	0	0	0	0	0	8
JAG1402	0	1	0	0	0	0	0	0	12	7	0	0	0	0	0	0	0	0	0	0	0	0	0	0	0	0	0	180	0	0	0	0	0	0	14	0	0	0	0	0	1	0	0	1	0	0	0	0	0	0	0	0	0	0	0	0	0	0	0	0	0	1	0	0	0	0	0	0	0	0	0	0	0	0	0	21	1	0	0	0	1	0	0	0	0	0	0	10	0	0	0	0	0	0	0	0	0	0	0	0	1	0	18	0	0	0	0	4	0	3	0	0	0	4	31	4	17	0	0	0	0	0	0	0	4	0	0	0	0	0	0	1	0	0	0	0	0	0	0	2
LAV1401	0	0	0	0	0	0	0	0	0	0	0	0	11	0	0	6	0	0	0	0	6	0	0	2	0	0	0	358	0	0	0	0	0	0	0	3	0	0	0	0	0	0	0	0	0	0	0	0	0	0	0	0	0	1	0	45	0	1	0	0	0	0	0	0	0	0	0	0	0	0	0	0	0	0	0	1246	0	0	0	0	0	0	0	0	0	0	0	0	0	0	0	0	1	2	0	0	0	0	0	0	0	0	0	0	0	0	0	8	0	0	0	0	0	17	1	0	0	0	0	0	0	0	0	0	0	0	0	34	0	0	0	0	0	0	0	0	0	0	0	0
LAV1402	0	0	8	0	0	0	0	0	0	0	0	0	46	0	0	0	0	0	0	0	0	0	0	0	0	0	0	0	0	0	0	1	16	0	0	0	0	0	0	0	0	0	0	5	0	0	1	0	26	0	15	0	1	0	0	24	0	0	0	0	0	0	0	5	3	0	0	0	0	0	0	0	0	0	0	0	0	0	0	0	0	0	0	0	5	0	0	0	0	0	0	0	0	0	0	0	0	0	0	0	1	0	0	0	0	0	0	0	0	0	0	0	0	1	5	0	8	0	0	0	0	9	0	0	0	0	0	5	0	0	0	0	0	0	0	0	0	0	0	1
QUA1401	0	0	0	0	0	0	0	0	0	13	0	1	2	1	0	0	0	0	0	0	0	0	0	0	0	0	0	17	0	0	0	0	0	0	0	8	0	1	0	0	12	0	0	0	1	0	0	0	6	0	0	1	0	0	0	0	0	0	0	53	0	0	0	0	0	6	0	0	0	0	0	0	0	0	0	3	0	0	0	0	0	0	0	0	3	0	86	3	0	0	0	0	1	0	0	0	0	0	0	0	0	0	0	0	0	0	0	2	0	0	0	0	0	2	3	0	15	0	0	0	0	2	0	0	0	0	0	16	0	0	0	0	0	0	0	2	0	0	0	2
QUA1402	0	0	13	0	0	0	0	0	42	0	0	0	4	0	0	0	0	0	0	0	0	0	0	0	0	0	0	8	0	0	0	0	0	0	0	67	0	5	0	0	1	0	0	0	1	0	0	0	3	0	1	0	0	0	0	0	0	0	0	29	0	0	0	0	0	0	0	0	0	1	0	0	0	0	0	230	0	0	0	0	0	0	0	0	2	0	6	16	0	0	0	0	1	0	0	0	0	0	0	0	0	0	0	0	0	0	0	0	0	0	0	0	0	0	1	0	1	0	0	0	0	2	0	0	0	0	0	5	0	0	0	0	0	0	0	1	0	0	0	2
QUA1403	0	0	55	0	4	0	0	0	0	0	0	0	42	0	0	0	0	0	0	0	0	0	0	0	32	21	0	5	0	0	0	0	15	2	0	0	0	0	0	0	7	1	0	0	0	0	0	0	8	0	14	0	1	0	0	0	0	0	0	0	1	0	0	0	0	0	0	0	0	0	0	0	0	0	0	115	0	0	0	1	0	0	0	0	0	0	11	17	4	15	0	0	0	0	47	0	0	0	0	0	0	2	0	0	2	0	0	0	1	0	0	0	0	0	0	0	1	0	0	0	0	0	0	0	0	0	0	46	0	0	0	0	0	0	0	0	0	0	1	16
SAT1401	0	0	0	0	0	0	0	0	0	0	0	0	0	31	0	0	0	0	0	0	0	0	0	0	0	0	0	0	0	0	0	0	0	0	0	0	0	0	0	0	2	0	0	0	0	0	0	0	5	0	0	0	0	0	0	0	0	0	0	0	0	0	0	0	0	0	0	0	0	0	0	0	1	0	0	49	0	0	0	0	0	0	0	0	0	0	0	0	0	0	0	0	0	0	0	0	0	0	0	0	0	0	0	0	0	0	0	0	0	0	0	0	0	0	0	0	0	0	0	0	0	7	0	0	0	0	0	50	0	0	0	0	0	0	0	0	0	0	0	0
SAT1402	0	0	8	0	0	0	0	0	0	0	0	10	0	33	0	0	0	0	0	0	0	0	0	0	0	0	0	13	0	0	0	0	0	0	0	14	0	0	0	0	0	0	0	0	0	0	0	0	0	0	14	0	0	0	0	0	0	0	0	0	0	0	0	0	0	0	0	0	0	0	0	0	0	0	0	178	0	0	0	0	0	0	1	0	1	0	0	0	0	0	0	0	0	0	0	0	0	0	0	0	0	0	0	0	0	0	0	0	0	0	0	0	0	0	0	0	0	0	0	0	0	0	0	0	0	0	0	6	0	0	0	0	0	0	0	0	0	0	0	0
SAT1403	0	0	38	0	0	0	0	0	0	0	0	2	0	19	0	0	0	0	0	0	10	0	0	0	0	0	0	70	0	0	0	0	0	0	0	85	0	0	0	0	0	0	0	0	0	0	0	0	0	0	0	0	0	0	0	1	0	0	0	0	0	0	0	0	0	0	0	0	0	0	0	0	0	0	0	83	0	0	0	0	0	0	0	0	0	0	0	0	0	0	0	0	0	0	0	0	0	0	0	0	0	0	0	0	0	0	0	0	0	0	0	0	0	0	0	0	0	0	0	0	0	9	0	0	0	0	0	16	0	0	0	0	0	0	0	0	0	0	0	0
SAT1404	0	0	2	0	0	0	0	0	12	0	0	0	0	0	0	4	0	0	0	0	0	0	0	16	0	0	0	119	0	0	0	0	0	37	0	79	0	0	2	0	0	0	0	0	2	0	0	0	4	0	0	0	0	0	0	103	0	0	0	0	0	0	0	2	0	0	0	0	0	1	0	3	15	0	0	85	0	0	0	5	0	0	0	0	0	0	0	6	0	0	4	0	0	0	0	0	0	0	0	0	0	0	0	0	0	0	0	0	0	0	0	0	0	0	0	0	0	0	0	0	0	19	0	0	0	0	0	17	0	0	0	0	0	0	0	0	0	0	0	2
SAT1405	0	0	5	0	0	0	0	0	0	0	0	0	0	18	0	0	0	0	0	0	0	0	0	0	0	0	0	0	0	0	0	0	0	0	0	0	0	0	0	0	0	0	0	0	0	0	0	0	0	0	123	0	0	0	0	0	0	0	0	0	0	0	0	0	0	0	0	0	0	0	0	0	0	0	0	77	0	0	0	0	0	0	0	0	0	0	0	0	0	0	0	0	0	0	0	0	0	0	0	0	0	0	0	0	0	0	0	0	0	0	0	0	0	0	0	0	0	0	0	0	0	2	0	0	0	0	0	0	0	0	0	0	0	0	0	0	0	0	0	0
SAT1406	0	0	4	0	0	0	0	0	0	0	0	0	9	32	0	0	0	0	0	0	0	0	0	0	0	0	0	12	0	0	0	0	0	0	0	15	0	0	0	0	0	0	0	0	0	0	0	0	0	0	16	0	0	0	0	0	0	0	0	0	0	0	0	0	0	0	0	0	0	0	0	0	0	0	0	67	0	0	0	0	0	0	0	0	0	0	0	0	0	0	0	0	0	0	0	0	0	0	0	0	0	0	0	0	0	0	0	0	0	0	0	0	0	41	0	0	0	0	0	0	0	5	0	0	0	0	0	0	0	0	0	0	0	0	0	0	0	0	0	0
SLI1401	0	0	0	0	16	0	0	0	98	32	0	0	0	0	0	0	0	0	0	0	0	0	0	24	0	0	6	80	0	0	0	0	52	192	0	0	0	0	18	0	26	8	0	0	0	0	2	0	36	0	2	38	0	0	0	256	0	0	0	0	16	0	0	52	0	0	0	0	0	0	0	0	0	0	0	28	0	0	0	0	0	0	0	0	2	0	0	0	12	0	0	0	0	0	0	0	0	0	0	0	0	0	0	0	0	0	0	0	0	0	0	0	0	2	0	0	2	0	0	0	0	0	0	0	0	0	0	12	0	0	0	0	0	2	0	0	0	0	0	0
SLI1402	0	0	0	0	24	0	0	0	16	12	0	42	50	0	0	0	0	0	0	0	0	0	0	38	0	0	0	30	0	0	0	0	146	0	0	0	0	0	2	0	12	0	0	16	0	0	0	0	18	0	0	0	10	78	0	174	0	94	0	0	0	0	0	36	4	0	8	0	0	0	1	0	0	0	0	4	0	14	0	0	0	0	0	0	4	0	0	0	2	0	0	0	0	0	0	0	0	0	0	0	0	0	0	0	0	0	0	6	0	0	0	0	0	0	2	0	20	0	0	0	0	0	0	0	0	0	0	2	0	0	0	0	0	0	0	0	4	6	0	4
SLI1403	0	0	60	0	0	0	0	0	0	64	0	0	0	2	0	0	0	0	0	0	6	0	0	16	0	0	0	580	0	0	0	0	0	56	0	56	0	0	14	0	32	0	0	0	0	0	0	0	0	0	28	0	0	4	0	264	0	2	0	0	0	0	0	26	0	0	0	0	0	0	0	0	0	0	0	156	0	0	0	0	0	0	0	0	0	0	0	0	0	0	0	0	0	0	0	0	0	0	0	0	0	0	0	0	0	0	0	0	0	0	0	0	0	6	0	0	6	0	0	0	0	0	0	0	0	0	0	26	0	0	0	12	0	0	0	0	0	0	0	0
SLI1404	0	0	0	0	2	0	0	0	50	2	0	0	40	2	0	0	0	0	0	0	0	0	0	0	0	0	4	150	0	0	0	2	0	22	0	22	0	0	0	0	2	0	0	0	34	0	12	0	8	0	0	2	0	4	0	124	0	0	0	0	0	0	0	22	0	0	0	0	0	0	1	0	0	0	0	40	0	0	0	22	0	0	0	0	2	0	0	16	0	0	0	0	0	0	0	2	0	0	0	0	0	0	0	0	0	0	0	0	0	0	0	0	0	6	0	0	0	0	0	0	0	0	0	0	0	0	0	46	0	0	0	0	8	0	0	0	0	0	0	2
SLI1405	0	0	8	0	0	0	0	0	54	0	2	0	38	12	0	0	0	0	0	0	0	0	0	4	0	0	0	280	0	0	0	0	0	14	0	164	0	0	2	0	2	0	0	0	0	0	0	0	2	0	22	0	0	0	0	116	0	0	0	0	0	0	0	18	0	0	0	0	0	0	0	0	0	0	0	150	0	0	0	2	0	0	0	2	0	0	0	0	0	0	0	0	0	0	0	0	0	0	0	0	0	0	0	0	0	0	0	2	0	0	0	0	0	10	0	0	20	0	0	0	0	0	0	0	0	0	0	52	0	0	0	32	0	0	0	0	6	0	0	8
SPS1401	0	0	33	0	0	0	0	0	0	0	0	0	0	23	0	0	0	21	19	0	12	0	0	0	0	0	0	74	0	0	0	0	0	0	0	0	0	0	0	0	0	0	0	0	0	0	0	0	0	0	31	0	0	0	0	0	0	0	0	0	0	0	0	0	0	0	0	0	0	0	0	0	2	0	6	47	0	0	0	0	0	0	0	0	0	0	0	0	0	0	14	0	0	0	0	0	0	0	0	0	0	0	0	0	0	0	0	0	0	0	0	0	0	0	0	0	0	0	0	4	0	13	0	0	0	0	0	7	0	0	0	0	0	0	0	0	0	0	0	0
SPS1402	0	0	0	0	0	0	0	0	0	0	0	9	2	0	0	11	0	0	0	0	0	0	0	0	0	0	0	137	0	0	0	0	0	29	0	7	0	0	0	0	0	0	0	0	0	0	0	0	0	0	10	0	0	0	0	0	0	0	0	0	0	0	0	0	0	0	0	0	0	0	0	0	0	0	12	0	0	0	0	0	0	0	11	0	0	0	0	0	0	0	0	0	2	0	0	0	0	0	0	0	0	0	0	0	0	0	0	2	0	0	0	0	0	0	0	0	0	0	0	1	0	3	0	0	0	0	0	9	0	0	0	0	0	0	0	0	0	0	0	0
SPS1403	0	0	11	0	0	0	0	0	0	19	0	0	0	3	0	16	0	20	0	0	0	0	0	0	0	0	0	157	0	0	0	0	0	1	0	48	0	0	0	0	0	0	0	0	0	1	0	0	0	0	8	0	0	0	0	0	0	0	0	0	0	0	0	0	0	0	0	0	0	0	0	0	0	0	2	28	0	0	0	0	0	0	0	0	1	0	0	0	0	0	0	0	0	0	0	0	0	0	0	0	0	0	0	0	0	0	0	1	0	0	0	0	0	0	0	0	0	0	0	3	0	3	0	0	0	0	0	8	0	0	0	0	0	0	0	0	0	0	0	0
SPS1404	0	0	62	0	0	0	0	0	0	0	0	0	0	12	0	0	0	0	0	0	16	0	0	6	0	0	0	38	0	161	0	0	0	0	0	57	0	0	0	0	0	0	0	0	0	0	0	0	0	0	0	0	0	0	0	0	0	0	0	0	0	0	0	0	0	0	0	0	0	0	0	0	13	0	97	73	0	0	0	0	0	0	0	0	0	0	0	0	0	0	0	0	0	0	0	0	0	0	0	0	0	0	0	0	0	0	0	0	0	0	0	0	0	0	0	0	0	0	0	0	0	7	0	0	0	0	0	1	0	0	0	0	0	0	0	0	0	0	0	0
SPS1405	0	0	89	0	0	0	0	0	0	0	0	3	0	0	0	0	0	0	29	0	21	0	0	2	0	0	0	108	0	0	0	0	0	0	0	114	0	0	0	0	0	0	0	0	0	0	0	0	4	0	0	0	0	0	0	0	0	0	0	0	0	0	0	0	0	0	0	0	0	0	0	0	8	0	0	84	0	0	0	0	0	0	0	0	0	0	0	0	0	0	0	0	0	0	0	0	0	0	0	0	0	0	0	0	0	0	0	0	0	0	0	0	0	0	0	0	0	0	0	0	0	1	0	0	0	0	0	24	0	0	0	0	0	0	0	0	0	0	0	0
SPS1406	0	0	37	0	0	0	0	0	0	0	0	0	2	0	0	0	0	0	95	0	43	0	0	3	0	0	0	151	0	0	0	0	0	0	0	82	0	0	0	0	1	0	0	0	0	0	0	0	18	0	0	0	0	0	0	12	0	0	0	0	0	0	0	0	0	0	0	0	0	0	0	12	0	0	0	33	0	0	0	0	0	0	0	0	0	0	0	0	0	0	0	0	0	0	0	0	0	0	0	0	0	0	0	0	0	0	0	1	0	0	0	0	0	0	0	0	0	0	0	0	0	10	0	0	0	0	0	5	0	0	0	0	0	0	0	0	0	0	0	0
