Pontos	1985	1986	1987	1988	1989	1990	1991	1992	1993	1994	1995	1996	1997	1998	1999	2000	2001	2002	2003	2004	2005	2006	2007	2008	2009	2010	2011	2012	2013	2014	2015	2016	2017	bacia	area
BAG1501	92.81	94.39	88.70	96.36	93.13	96.47	94.74	88.78	97.03	95.28	93.68	96.78	94.15	94.15	95.05	94.45	68.96	69.50	72.83	68.93	75.13	74.33	77.23	71.44	73.10	77.46	84.08	76.59	77.26	70.53	80.02	76.64	78.77	PATOS	12.60
BAG1502	91.33	89.42	86.71	91.48	80.76	88.43	90.98	90.77	94.61	90.29	87.26	92.21	97.36	97.36	95.46	95.46	95.72	94.05	93.08	93.92	93.77	86.15	85.02	88.05	87.74	85.28	86.77	83.86	83.85	83.07	82.49	85.84	83.03	PATOS	24.10
BAG1503	98.54	97.44	96.37	94.22	98.03	94.25	93.36	95.16	96.95	97.24	97.85	97.19	95.66	95.66	98.44	99.26	97.31	97.96	98.29	95.11	97.85	95.69	96.23	95.51	95.89	98.01	98.13	95.22	94.06	94.75	94.35	94.60	94.99	PATOS	48.23
CAR1301	97.69	95.03	98.49	95.28	92.69	93.01	93.00	98.24	97.02	96.20	94.39	93.32	80.03	79.98	94.85	97.79	98.28	98.92	91.43	98.24	98.85	98.86	98.42	96.76	99.09	98.34	96.77	97.50	98.82	98.94	99.44	99.15	97.87	PATOS	9.47
CAR1302	90.44	85.23	91.96	87.64	84.38	88.56	86.58	93.51	88.11	92.78	89.88	86.63	78.40	78.41	92.21	91.90	91.27	97.61	80.02	94.57	97.85	96.56	92.58	93.82	97.59	95.77	93.89	93.19	98.19	95.40	97.07	94.21	95.36	PATOS	39.16
CAR1303	96.57	97.06	98.14	90.59	89.62	90.49	91.83	97.05	91.53	93.30	91.96	87.66	88.13	87.96	84.85	94.96	97.03	96.32	89.06	96.89	97.44	97.47	93.13	95.07	96.05	97.70	89.37	95.62	95.61	97.55	98.10	97.28	95.49	PATOS	6.09
CCA1301	98.08	98.02	97.30	96.86	94.04	97.60	98.38	88.20	94.01	98.49	93.07	95.51	80.31	79.95	93.53	98.13	80.40	87.65	85.09	95.70	96.20	97.48	99.78	90.93	93.91	97.78	95.38	89.74	99.03	99.23	96.18	81.22	75.59	URUGUAI	2.99
CCA1302	79.74	79.60	77.01	68.59	58.64	81.89	81.32	79.74	73.48	84.24	74.38	66.98	70.50	70.56	69.40	83.68	70.99	63.31	81.12	82.60	76.58	85.89	87.76	82.50	80.59	85.56	71.45	68.67	80.40	84.76	85.15	78.80	74.58	URUGUAI	33.22
CCA1303	69.55	64.08	60.11	53.26	43.20	62.72	63.81	62.68	54.59	72.12	61.12	61.82	65.65	65.68	53.56	71.51	59.87	54.46	70.72	60.07	60.27	62.55	70.79	64.97	57.40	78.00	56.81	62.27	64.74	65.83	63.43	64.43	64.96	URUGUAI	34.89
CCE1301	59.09	65.62	65.98	69.58	68.52	69.28	70.95	66.92	70.71	66.54	65.40	69.46	62.10	61.93	72.67	70.95	72.83	70.65	71.04	78.46	77.25	80.00	79.32	76.74	79.84	77.72	77.61	72.73	84.87	81.91	82.05	80.17	68.95	URUGUAI	15.20
CCE1302	86.89	93.64	95.55	94.18	95.63	97.78	96.34	96.47	97.33	97.00	94.51	95.01	82.05	82.11	93.94	92.83	92.11	90.02	89.30	95.88	95.61	96.64	96.14	95.63	94.94	89.81	94.49	85.09	95.58	95.94	96.11	95.40	95.03	URUGUAI	29.19
CCE1303	86.96	88.41	90.79	86.96	89.04	87.38	90.01	86.81	91.76	85.70	82.02	84.83	81.03	81.26	83.14	85.05	85.52	86.55	84.74	83.74	84.32	82.59	85.14	85.66	84.22	81.93	84.34	81.35	85.61	87.18	85.94	84.57	83.33	URUGUAI	5.59
CGR1401	99.28	99.74	99.69	99.58	97.86	99.48	98.77	99.58	97.59	98.73	99.19	99.69	99.54	99.79	99.47	99.51	99.39	97.93	97.61	97.91	99.74	98.81	98.85	99.10	99.53	99.31	99.30	99.30	99.10	97.51	99.34	98.71	96.82	URUGUAI	6.18
CGR1402	99.20	98.79	99.10	96.68	98.80	99.18	99.41	99.58	96.21	99.26	99.47	98.81	98.74	98.74	98.82	98.96	98.72	98.07	98.24	98.27	98.59	98.15	98.58	99.49	99.06	98.04	98.53	98.71	99.25	92.78	83.54	83.29	84.20	URUGUAI	48.72
CGR1403	96.25	96.07	98.45	96.54	97.02	97.72	97.20	96.84	95.56	96.60	98.26	96.85	96.24	96.26	98.63	98.09	96.93	97.64	95.77	99.22	98.39	98.82	98.66	99.47	99.03	99.09	98.93	98.98	98.32	98.54	98.61	99.01	98.73	URUGUAI	31.92
CGR1901	98.41	93.42	98.77	97.21	96.88	97.42	97.63	97.62	99.10	99.35	99.08	99.17	96.89	96.89	98.38	96.78	99.61	96.65	98.41	97.43	98.36	96.93	97.46	93.20	94.62	97.34	95.41	83.45	85.90	87.61	86.70	89.87	77.28	URUGUAI	10.56
CGR1902	95.44	77.43	92.53	91.04	82.94	86.26	92.09	86.16	88.16	83.53	83.37	81.14	70.44	70.43	75.82	73.76	82.97	72.60	77.35	70.92	62.85	69.17	59.75	63.25	65.89	65.32	58.94	60.80	59.77	61.33	62.48	64.50	60.88	URUGUAI	10.09
CGR1903	65.85	69.68	65.02	66.97	61.18	64.30	66.48	71.26	75.86	89.54	84.55	93.43	84.68	84.78	76.26	71.55	93.11	93.66	94.85	94.25	98.20	94.34	97.49	88.67	84.66	92.46	47.62	60.96	83.52	47.73	41.99	65.09	74.92	URUGUAI	6.67
CGR1904	70.77	50.68	63.47	66.34	58.39	54.95	55.69	59.06	62.37	59.89	56.88	60.67	51.31	51.31	57.94	51.21	54.33	48.49	52.28	46.27	51.45	51.80	58.00	54.29	55.63	56.58	51.46	45.66	45.44	49.18	46.02	43.36	37.65	URUGUAI	47.07
CGU1401	75.49	67.60	74.07	62.79	75.68	70.13	78.50	78.27	73.91	59.14	80.93	86.56	97.39	97.42	72.52	70.62	73.43	78.42	92.49	69.59	64.31	74.49	74.17	75.32	69.31	71.26	78.94	63.69	56.87	54.45	68.03	63.14	66.39	PATOS	11.30
CGU1402	95.23	84.79	91.36	85.04	87.83	93.65	84.46	84.95	88.18	85.04	82.39	91.02	93.43	93.45	86.58	85.72	91.15	85.24	91.01	88.19	89.72	91.57	97.90	88.89	94.29	94.81	94.09	95.52	94.00	93.07	94.86	96.39	92.79	PATOS	16.90
CGU1403	89.99	70.92	80.38	78.96	83.92	73.27	88.99	81.33	81.99	77.54	84.46	88.43	98.84	98.44	82.66	75.50	83.66	86.10	90.50	84.58	80.91	85.30	89.58	85.46	85.57	89.85	85.32	87.77	90.68	89.48	92.11	93.02	93.03	PATOS	17.89
CGU1404	97.27	97.06	97.12	94.63	96.63	95.80	96.16	98.24	96.19	94.14	97.74	97.68	98.51	98.57	96.40	93.60	94.77	96.34	96.21	93.28	94.82	95.96	96.84	91.33	90.44	87.73	87.23	82.48	81.29	80.79	86.32	81.28	84.19	PATOS	24.57
CMC1401	96.81	98.15	99.76	99.49	97.62	98.88	97.44	99.66	99.85	99.80	98.40	99.81	96.03	96.00	98.77	99.78	98.78	99.36	99.00	99.85	98.62	99.49	97.56	97.25	97.86	95.87	96.05	95.78	94.88	95.65	95.80	95.77	95.61	PATOS	20.37
CMC1402	95.66	95.69	97.34	93.66	93.10	95.90	95.32	98.25	99.62	99.19	97.45	98.43	93.05	93.07	97.85	98.81	98.78	99.18	96.22	97.75	98.93	94.02	89.73	95.31	95.19	92.10	91.53	90.76	87.87	91.46	89.18	88.58	88.65	PATOS	24.88
CMC1403	95.68	95.29	97.82	93.94	97.56	98.27	94.82	99.37	99.75	99.73	96.16	98.76	96.42	96.48	99.07	99.64	100.00	99.69	97.66	100.00	99.85	99.29	90.77	99.41	99.80	96.12	99.59	99.58	92.76	92.54	99.34	99.51	97.44	PATOS	13.19
CMM1401	98.80	98.82	97.98	97.67	98.83	98.54	97.94	98.25	96.45	97.25	97.86	95.05	96.41	96.13	98.04	98.58	98.42	99.73	97.96	96.03	99.66	99.76	97.54	99.12	99.06	96.80	98.14	99.44	97.20	98.40	99.52	87.08	89.89	PATOS	3.10
CMM1402	91.90	93.71	95.29	94.20	94.69	96.77	92.86	96.09	91.95	90.30	91.21	91.55	91.38	91.36	91.97	95.14	94.15	95.10	90.47	93.55	93.45	94.97	96.76	95.33	96.71	97.55	96.28	96.96	93.66	93.85	93.52	92.88	92.40	PATOS	10.98
CMM1403	97.28	99.69	98.84	98.60	98.93	99.65	99.36	99.58	98.72	98.37	97.14	99.46	97.92	98.24	98.41	98.51	98.11	99.32	96.50	99.58	99.53	100.00	99.74	99.89	100.00	99.51	99.28	100.00	99.47	98.53	98.66	99.84	100.00	PATOS	1.46
CSR1301	89.53	86.92	81.03	80.41	85.98	89.00	82.54	77.90	88.01	80.65	82.62	82.47	78.59	78.57	79.47	80.92	81.17	79.45	81.16	80.00	78.30	81.46	79.19	82.75	79.81	80.33	78.53	81.89	79.91	79.31	79.57	81.31	78.37	URUGUAI	44.12
CSR1302	99.43	99.83	99.02	99.62	99.23	99.01	98.00	97.35	99.03	99.38	99.41	98.36	99.80	99.85	99.38	99.36	99.14	96.02	99.79	99.86	98.05	99.83	98.23	99.74	99.10	97.72	99.56	99.63	99.65	99.69	98.96	99.46	99.95	URUGUAI	24.72
CSR1303	99.13	98.90	98.32	97.39	96.09	96.59	98.60	87.24	97.69	96.46	99.00	98.24	97.44	97.47	99.08	96.95	83.50	91.93	92.35	85.26	84.78	83.99	76.69	77.69	68.21	69.71	66.08	69.86	68.98	75.74	68.20	68.92	69.90	URUGUAI	9.59
CSR1904	96.76	96.10	91.03	86.98	87.17	86.46	85.45	81.97	77.47	75.81	70.23	69.32	70.56	70.61	60.11	62.72	59.39	59.09	59.34	59.33	60.40	64.66	64.44	63.57	64.42	64.81	62.77	62.97	63.12	60.90	60.06	63.79	60.12	URUGUAI	16.45
CSR1905	91.79	96.68	94.88	94.56	93.16	93.20	89.11	96.59	97.00	95.85	97.58	95.80	97.25	97.37	97.82	94.02	92.50	91.39	93.50	91.80	91.19	94.92	97.27	93.60	89.34	93.96	92.77	91.52	94.18	93.99	94.84	95.83	93.88	URUGUAI	6.84
CSR1906	99.26	99.62	99.15	98.77	98.51	97.46	94.57	98.90	96.89	97.91	96.51	96.81	98.88	98.86	98.07	82.99	84.08	83.18	90.02	84.75	83.84	83.73	84.16	86.08	81.98	85.15	85.11	82.54	84.18	84.36	84.33	85.01	84.78	URUGUAI	2.96
CSR1907	99.76	99.25	98.47	98.88	97.94	99.15	98.35	98.09	98.00	96.87	92.10	95.73	98.11	98.17	96.61	98.38	98.88	94.80	99.14	97.81	96.99	94.82	94.71	91.74	96.26	97.32	98.68	94.33	97.89	97.46	90.82	98.82	98.29	URUGUAI	9.49
JAG1401	44.27	25.48	59.24	49.13	71.18	52.88	75.03	61.81	98.57	84.36	83.30	53.94	92.03	91.98	67.11	91.57	94.55	87.47	91.54	97.49	51.44	55.92	59.77	43.03	67.94	41.96	26.19	37.65	47.31	46.40	25.86	27.51	30.47	PATOS	11.19
JAG1402	94.00	93.77	87.01	97.16	96.83	98.47	87.25	97.94	99.07	99.23	98.31	98.64	93.28	93.28	98.16	99.56	98.13	98.57	96.64	99.59	99.45	99.42	96.75	96.92	96.61	94.27	94.37	92.78	86.71	90.32	65.10	87.42	88.54	PATOS	34.18
LAV1401	98.46	98.13	95.76	92.12	91.06	94.10	92.73	90.85	82.49	94.46	94.61	91.24	86.15	86.05	97.54	85.32	91.07	91.99	89.96	75.32	80.32	78.41	82.15	71.18	70.88	71.17	65.71	63.69	63.80	65.09	64.89	60.71	65.30	URUGUAI	20.74
LAV1402	77.88	65.19	65.83	62.68	58.78	64.69	74.82	73.84	72.91	75.98	83.30	83.86	82.85	82.70	84.62	79.70	67.81	68.08	69.12	58.42	54.14	74.36	64.83	69.89	70.99	73.75	70.21	64.33	63.67	71.36	67.56	76.08	67.85	URUGUAI	12.47
QUA1401	90.47	88.39	85.10	79.60	76.16	87.60	90.01	92.48	94.69	90.46	91.49	85.61	92.03	92.03	88.09	93.04	77.91	91.69	89.28	88.60	78.20	91.83	96.86	92.29	94.62	92.41	88.78	81.67	94.52	96.05	97.33	86.21	97.72	URUGUAI	6.20
QUA1402	89.63	91.44	85.75	85.92	87.23	88.11	91.06	90.18	91.26	91.73	94.30	79.38	92.84	92.84	88.42	93.08	80.15	86.44	90.84	87.82	89.85	92.04	92.79	93.71	91.54	91.24	89.23	83.33	91.12	92.37	95.97	91.82	96.41	URUGUAI	20.11
QUA1403	61.27	56.22	53.61	49.13	49.64	47.34	47.55	43.46	43.47	42.44	44.44	44.45	43.20	43.20	43.75	44.36	42.30	42.22	35.38	38.84	39.44	39.14	40.04	39.00	39.32	37.38	36.63	38.91	38.70	37.21	34.36	37.58	37.90	URUGUAI	134.35
SAT1401	25.59	26.38	26.67	25.55	31.86	32.21	32.48	32.88	26.87	26.56	28.27	25.64	25.97	25.92	27.05	26.07	31.26	33.61	29.20	32.24	26.55	22.28	21.16	23.43	22.07	22.24	23.13	23.83	20.39	19.91	18.87	18.40	17.15	URUGUAI	21.83
SAT1402	84.99	84.74	86.78	84.77	83.02	81.83	82.15	83.39	84.85	83.09	86.07	84.72	76.06	76.08	84.89	85.48	88.11	89.45	87.10	92.13	93.47	93.67	93.54	93.81	93.31	93.23	92.56	93.14	91.22	89.53	86.15	85.14	84.45	URUGUAI	6.40
SAT1403	87.02	88.78	90.66	87.34	86.46	91.35	90.61	87.58	94.81	91.51	92.52	90.15	83.84	83.70	94.80	93.14	95.79	91.81	93.51	97.22	94.90	96.62	95.83	94.71	95.34	96.49	95.82	96.32	97.10	98.27	96.63	97.52	97.16	URUGUAI	4.43
SAT1404	70.68	61.79	69.05	63.02	62.75	64.91	61.03	72.91	69.42	70.86	66.21	61.25	46.42	46.47	45.78	40.65	40.39	39.99	31.28	31.92	29.90	29.89	30.63	27.79	24.15	23.78	21.00	25.01	21.92	23.15	20.40	21.96	21.99	URUGUAI	26.72
SAT1405	84.96	83.12	84.45	83.03	86.72	86.44	82.07	83.15	86.86	89.71	88.12	85.31	86.51	86.52	84.12	82.75	86.80	83.97	85.62	85.18	85.33	84.95	86.10	87.24	85.54	87.32	89.59	89.85	91.15	91.13	91.19	84.48	89.36	URUGUAI	22.73
SAT1406	38.49	38.61	40.18	44.07	47.26	50.21	47.34	49.10	43.10	40.97	45.74	45.68	45.76	45.66	48.58	48.08	50.70	51.34	44.45	46.97	47.23	41.88	38.57	39.91	43.60	46.46	47.77	50.85	46.37	46.58	44.40	42.10	46.05	URUGUAI	6.03
SLI1401	93.83	94.34	95.22	88.76	92.62	89.47	89.31	92.04	87.32	86.07	92.52	94.14	95.47	91.89	91.71	95.04	95.06	95.51	82.89	90.10	93.52	88.21	90.42	91.59	92.06	91.63	93.27	93.98	95.21	93.89	91.26	88.24	89.68	URUGUAI	7.96
SLI1402	98.87	97.08	99.15	98.91	99.85	98.27	98.55	98.14	96.06	95.18	98.27	98.45	94.63	94.77	99.13	99.47	99.40	98.58	92.20	91.55	86.82	72.08	68.90	63.32	61.79	62.36	56.31	35.87	47.50	40.38	27.26	21.35	16.78	URUGUAI	9.80
SLI1403	99.25	99.24	98.14	97.44	92.99	93.05	96.44	97.74	98.45	97.54	97.05	98.74	97.49	97.68	98.17	98.18	98.40	98.70	98.83	99.03	98.07	94.34	96.23	97.00	97.95	97.93	94.92	95.75	96.92	96.73	96.31	95.04	95.39	URUGUAI	7.83
SLI1404	88.57	94.52	92.16	84.00	86.82	83.75	83.41	89.09	96.11	94.10	94.74	91.48	88.11	87.92	88.57	94.67	87.12	93.60	91.59	95.98	95.59	95.25	94.69	92.97	93.68	93.66	90.26	96.48	96.00	95.12	97.66	93.04	96.05	URUGUAI	8.47
SLI1405	98.20	98.48	97.67	94.80	93.72	86.70	97.22	94.77	98.97	97.66	96.24	98.11	96.03	95.86	95.66	97.83	97.22	97.32	98.15	95.65	98.51	96.85	97.34	97.48	97.52	97.39	94.33	96.87	98.37	97.20	97.04	94.03	97.42	URUGUAI	10.67
SPS1401	91.16	89.99	90.67	88.76	90.75	86.21	88.61	91.61	89.85	92.16	94.30	90.70	81.92	81.99	91.62	91.06	91.67	89.02	85.41	90.17	89.65	87.57	88.10	87.09	85.90	84.88	83.36	82.85	81.42	79.63	78.65	78.45	75.38	URUGUAI	17.76
SPS1402	73.14	79.89	77.49	78.83	86.43	83.84	85.64	87.96	86.39	89.90	91.09	87.87	81.91	81.94	85.75	82.68	81.23	81.61	69.01	63.62	60.24	51.58	52.12	57.91	61.82	60.86	61.23	61.42	55.21	54.80	52.36	52.23	44.60	URUGUAI	16.43
SPS1403	82.98	81.07	80.96	80.84	80.20	74.90	78.72	79.00	75.20	77.69	79.18	74.00	71.30	71.37	80.76	70.84	65.53	60.62	45.46	48.74	46.58	44.10	42.92	42.69	39.30	42.23	40.48	39.44	33.80	33.39	31.01	30.82	30.77	URUGUAI	24.80
SPS1404	94.08	95.19	94.42	94.99	95.14	92.87	81.09	85.06	80.61	82.26	85.20	81.27	75.30	75.31	81.71	82.88	83.37	82.40	76.49	66.73	69.07	67.16	66.40	65.59	64.63	65.00	62.41	62.34	57.56	54.54	52.26	50.31	45.16	URUGUAI	6.67
SPS1405	88.29	90.14	90.13	89.37	91.80	90.43	89.01	90.32	88.55	89.75	90.11	87.28	84.79	84.81	87.79	88.77	87.22	89.35	85.02	85.59	83.26	78.36	75.17	77.52	77.41	72.22	73.22	70.47	66.59	65.62	63.99	60.60	57.43	URUGUAI	26.38
SPS1406	96.46	97.46	88.43	96.02	97.39	83.73	92.39	85.62	84.86	95.22	93.67	88.12	84.10	84.11	84.50	75.96	58.80	59.53	56.43	52.76	53.01	49.43	47.09	47.79	47.10	42.74	42.64	41.76	37.15	36.28	36.33	33.65	33.88	URUGUAI	32.90
